0.920969 0.316708 0.153269 0.77 1 9.14463 8.92877 0 
1.24518 0.172021 0.0201639 1 1.5 8.96032 8.92877 0
1.71971 0.0977781 0.0413109 1.5 2 8.79964 8.92877 0 
2.23974 0.0457652 0.0075976 2 2.5 8.76815 8.92877 0
2.94426 0.0185521 0.00923848 2.5 3.5 8.78035 8.92877 0 
3.92286 0.0305132 0.00703479 3.5 4.5 8.94772 8.92877 0 
4.95343 0.0335212 0.0179681 4.5 5.75 9.10057 8.92877 0
0.685195 0.822613 0.128807 0.49 0.77 10.0007 9.8583 1
0.86588 0.505214 0.0633513 0.77 1 9.84767 9.8583 1
1.20614 0.405982 0.0381708 1 1.5 9.83205 9.8583 1
1.71045 0.233359 0.0283817 1.5 2 9.83285 9.8583 1
2.23501 0.121503 0.0221656 2 2.5 9.82379 9.8583 1
2.96658 0.0756924 0.012305 2.5 3.5 9.84298 9.8583 1
3.89185 0.0261396 0.0100551 3.5 4.5 9.85798 9.8583 1
5.06099 0.0189501 0.00564002 4.5 5.75 9.75795 9.8583 1
6.36718 0.00958357 0.00519009 5.75 8.1 9.92881 9.8583 1
0.456121 1.62994 0.235662 0.35 0.49 10.9554 10.8205 2
0.60301 1.1638 0.139597 0.49 0.77 10.8654 10.8205 2
0.880241 1.02699 0.0932052 0.77 1 10.8536 10.8205 2
1.1795 0.5354 0.0478277 1 1.5 10.857 10.8205 2
1.69151 0.244701 0.0302989 1.5 2 10.8585 10.8205 2
2.2399 0.172119 0.0252216 2 2.5 10.8279 10.8205 3
2.87197 0.0731651 0.0146614 2.5 3.5 10.8182 10.8205 2
3.91927 0.0519596 0.00982106 3.5 4.5 10.8106 10.8205 2
4.93167 0.0165854 0.00542215 4.5 5.75 10.7792 10.8205 2
6.97156 0.00582527 0.00278681 5.75 8.1 10.7027 10.8205 2
8.36088 0.0047725 0.0024587 8.1 10.3 10.6972 10.8205 2

